2002
2020
2041
2042
2053
2056
2057
2064
2065
2085
2100
2103
2106
2112
2118
2120
2121
2122
2125
2127
2129
2131
2137
2145
2149
2156
2167
2175
2185
2186
2197
2199
2201
2206
2211
2218
2219
2221
2224
2228
2241
2242
2259
2273
2277
2287
2295
2302
2307
2314
2316
2332
2353
2385
2388
2397
2406
2417
2422
2450
2452
2470
2480
2488
2521
2525
2550
2553
2554
2557
2563
2568
2572
2579
2580
2583
2584
2594
2603
2608
2609
2616
2629
2637
2638
2643
2646
2648
2653
2700
2707
2717
2718
2738
2739
2742
2743
2745
2762
2770
2774
2780
2798
2801
2808
2813
2820
2823
2826
2833
2841
2842
2846
2859
2861
2874
